985490521
806782232
439799460
227567670
76973582
630212669
321762308
772431971
343950886
789564481
890747458
525299167
325311173
402930960
969737561
545856474
424135030
406223107
284425019
486718851
887463013
587338057
812710650
0
789233073
433538418
168399731
634734107
956952436
734126714
446083285
580334115
129542799
274058713
996891877
803943815
471397263
387620473
821094446
740655187
0
687612614
803943815
739323090
46009949
539607458
767533459
820507844
815080315
425168394
0
93088270
1575760
695793278
726162968
353609635
25096750
740410996
549276411
791459132
205556089
861417251
265286412
872437979
195374814
381778137
418319097
402930960
285368062
486315007
946147129
650842098
803943815
567120562
0
446083285
609994328
167388940
0
0
3184117
960113325
854362182
887871438
794810407
170214577
227272210
428122597
0
428156614
630383623
177385787
478223311
285368062
197929102
358168761
744550309
